Version 0.9.7
5
 4 10 175 77 128 0 1
 5 80 400 206 81 2 2
 0 299 128 877 276 8 3
 1 202 498 206 81 140 4
 3 1131 53 203 58 150 5
 0
25
 16711680 5 217 567 217 567 71 567 71 567 71 288 71 288 0 4 0 1
 16711680 5 71 228 71 228 137 228 137 509 217 509 217 509 0 1 0 4
 16711680 5 71 189 71 189 71 101 352 101 352 142 352 142 0 1 0 3
 16711680 5 315 509 315 509 315 509 365 509 365 298 365 298 0 4 0 3
 16711680 5 258 509 258 509 255 509 255 298 352 298 352 298 0 4 0 3
 16711680 5 365 142 365 142 247 142 247 217 352 217 352 233 0 3 0 3
 16711680 5 391 298 393 298 393 461 365 461 365 337 365 337 0 3 0 3
 16711680 5 296 509 296 509 296 484 404 484 404 298 404 298 0 4 0 3
 16711680 5 71 249 113 249 113 171 352 171 352 155 352 155 0 1 0 3
 16711680 5 430 298 430 298 467 298 467 155 365 155 365 155 0 3 0 3
 16711680 5 365 233 365 233 365 225 560 225 560 298 560 298 0 3 0 3
 16711680 5 625 298 625 298 638 298 638 298 638 155 638 155 0 3 0 3
 16711680 5 547 233 547 233 547 233 547 142 547 142 547 142 0 3 0 3
 16711680 5 378 298 378 298 378 411 729 411 729 298 729 298 0 3 0 3
 16711680 5 417 298 417 298 417 462 742 462 742 298 742 298 0 3 0 3
 16711680 5 258 522 258 522 547 522 547 522 547 298 547 298 0 4 0 3
 16711680 5 755 298 755 298 755 298 768 298 768 298 768 298 0 3 0 3
 16711680 5 430 233 430 233 430 74 781 74 781 298 781 298 0 3 0 3
 16711680 5 794 298 794 298 794 350 1184 350 1184 97 1177 97 0 3 0 5
 16711680 5 296 535 296 535 453 535 453 195 378 195 378 233 0 4 0 3
 16711680 5 391 233 391 233 391 233 404 233 404 233 404 233 0 3 0 3
 16711680 5 417 233 417 233 442 233 442 509 277 509 277 509 0 3 0 4
 16711680 5 729 233 729 233 729 233 729 142 729 142 729 142 0 3 0 3
 16711680 5 807 298 807 298 851 298 851 155 833 155 833 155 0 3 0 3
 16711680 5 1142 90 1142 90 1119 90 1119 90 1119 155 1119 155 0 5 0 3
3
 7008 1 14 346 246 5 0 8583336 20623824 3
 7004 1 14 541 246 5 0 8583336 20623824 3
 7032 1 14 723 246 5 0 8583336 20623824 3
