Version 0.9.7
4
 4 10 175 77 128 0 1
 5 94 455 206 81 2 2
 0 196 91 877 276 8 3
 3 490 473 203 58 140 4
 1
20
 255 5 71 189 71 189 71 105 71 105 249 105 249 105 0 1 0 3
 0 5 71 249 71 249 249 249 249 249 249 118 249 118 0 1 0 3
 0 5 501 510 501 510 501 459 821 459 821 118 821 118 0 4 0 3
 255 5 71 202 71 202 109 202 109 202 109 466 109 466 0 1 0 2
 0 5 71 288 71 288 71 524 71 524 109 524 109 524 0 1 0 2
 65535 5 444 261 444 261 444 492 444 492 267 492 267 492 0 3 0 2
 255 5 431 261 431 261 288 261 288 261 288 105 288 105 0 3 0 3
 255 5 522 196 522 196 522 196 522 105 522 105 522 105 0 3 0 3
 255 5 457 261 457 261 314 261 314 261 314 105 314 105 0 3 0 3
 255 5 470 261 470 261 327 261 327 261 327 105 327 105 0 3 0 3
 255 5 483 261 483 261 340 261 340 261 340 105 340 105 0 3 0 3
 255 5 496 261 496 261 353 261 353 261 353 105 353 105 0 3 0 3
 255 5 509 196 509 196 509 196 509 105 509 105 509 105 0 3 0 3
 255 5 509 261 509 261 509 281 613 281 613 105 613 105 0 3 0 3
 255 5 457 196 457 196 457 390 536 390 536 517 536 517 0 3 0 4
 255 5 470 196 470 196 470 404 556 404 556 517 556 517 0 3 0 4
 255 5 483 196 483 196 481 196 481 419 576 419 576 517 0 3 0 4
 255 5 496 196 496 196 499 196 499 440 596 440 596 517 0 3 0 4
 255 5 431 196 431 196 431 196 431 105 431 105 431 105 0 3 0 3
 0 5 522 261 522 261 561 261 561 261 561 118 561 118 0 3 0 3
1
 7163 1 16 425 209 5 0 0 13344 3
