Version 0.9.7
4
 4 10 175 77 128 0 1
 5 105 507 206 81 2 2
 0 256 121 877 276 8 3
 3 449 502 203 58 140 4
 1
29
 0 5 71 288 71 288 71 576 71 576 120 576 120 576 0 1 0 2
 0 5 71 275 71 275 97 275 97 148 309 148 309 148 0 1 0 3
 255 5 71 189 71 189 71 135 71 135 309 135 309 135 0 1 0 3
 0 5 460 539 460 491 974 491 974 148 972 148 972 148 0 4 0 3
 65535 5 348 291 348 291 348 291 348 544 278 544 278 544 0 3 0 2
 65535 5 335 291 335 291 322 291 322 291 322 135 322 135 0 3 0 3
 0 5 621 291 621 291 647 291 647 291 647 148 647 148 0 3 0 3
 0 5 803 291 803 291 842 291 842 291 842 148 842 148 0 3 0 3
 255 5 543 226 543 226 543 226 543 135 543 135 543 135 0 3 0 3
 255 5 725 226 725 226 725 226 725 135 725 135 725 135 0 3 0 3
 65535 5 426 226 441 226 441 308 569 308 569 291 569 291 0 3 0 3
 255 5 413 226 413 226 414 226 414 135 413 135 413 135 0 3 0 3
 255 5 413 291 413 291 413 301 452 301 452 135 452 135 0 3 0 3
 255 5 335 226 335 226 335 226 335 135 335 135 335 135 0 3 0 3
 65793 5 426 291 426 291 469 291 469 148 426 148 426 148 0 3 0 3
 65535 5 348 226 348 226 352 226 352 546 555 546 555 546 0 3 0 4
 65535 5 361 226 361 226 361 546 361 546 535 546 535 546 0 3 0 4
 65535 5 374 226 374 226 374 546 374 546 515 546 515 546 0 3 0 4
 65535 5 387 226 387 226 388 226 388 546 495 546 495 546 0 3 0 4
 65535 5 387 213 387 213 387 24 712 24 712 291 725 291 0 3 0 3
 65535 5 374 213 374 213 374 35 751 35 751 291 751 291 0 3 0 3
 65535 5 361 213 361 213 361 45 777 45 777 291 777 291 0 3 0 3
 65535 5 348 213 348 213 348 55 790 55 790 226 790 226 0 3 0 3
 65535 5 803 226 803 226 803 67 608 67 608 226 608 226 0 3 0 3
 65535 5 790 291 790 303 871 303 871 75 595 75 595 226 0 3 0 3
 65535 5 764 291 764 291 764 86 569 86 569 226 569 226 0 3 0 3
 65535 5 738 291 738 291 738 100 558 100 558 226 556 226 0 3 0 3
 65535 5 543 291 543 291 511 291 511 208 582 208 582 226 0 3 0 3
 65535 5 556 291 556 291 556 345 633 345 633 226 621 226 0 3 0 3
3
 7163 1 16 329 239 5 0 0 13344 3
 7032 1 14 537 239 5 0 0 13344 3
 7004 1 14 719 239 5 0 0 13344 3
