Version 0.9.7
4
 4 10 175 77 128 0 1
 5 330 507 206 81 2 2
 3 961 455 203 58 8 3
 0 239 79 877 276 17 4
 1
27
 255 5 71 189 71 189 71 93 71 93 292 93 292 93 0 1 0 4
 0 5 71 249 71 249 93 249 93 106 292 106 292 106 0 1 0 4
 0 5 972 492 972 492 929 492 929 492 929 106 929 106 0 3 0 4
 255 5 71 215 71 215 170 215 170 518 345 518 345 518 0 1 0 2
 0 5 71 262 71 262 103 262 103 576 345 576 345 576 0 1 0 2
 65535 5 721 249 721 249 721 531 721 531 503 531 503 531 0 4 0 2
 65535 5 786 184 786 184 786 145 526 145 526 184 526 184 0 4 0 4
 65535 5 526 249 526 249 526 544 526 544 503 544 503 544 0 4 0 2
 65535 5 539 184 539 184 539 10 1007 10 1007 499 1007 499 0 4 0 3
 65535 5 552 184 552 184 552 24 1027 24 1027 499 1027 499 0 4 0 3
 65535 5 565 184 565 184 565 39 1047 39 1047 499 1047 499 0 4 0 3
 65535 5 578 184 578 184 578 60 1067 60 1067 499 1067 499 0 4 0 3
 65535 5 734 184 734 184 736 184 736 499 1087 499 1087 499 0 4 0 3
 65535 5 747 184 747 184 749 184 749 499 1107 499 1107 499 0 4 0 3
 65535 5 760 184 760 184 760 499 760 499 1127 499 1127 499 0 4 0 3
 65535 5 773 184 773 184 773 499 773 499 1147 499 1147 499 0 4 0 3
 65535 5 708 184 708 184 708 184 708 93 708 93 708 93 0 4 0 4
 65535 5 513 184 513 184 513 184 513 93 513 93 513 93 0 4 0 4
 0 5 604 249 604 249 643 249 643 249 643 106 643 106 0 4 0 4
 0 5 799 249 799 249 825 249 825 249 825 106 825 106 0 4 0 4
 255 5 799 184 799 184 799 184 799 93 799 93 799 93 0 4 0 4
 255 5 604 184 604 184 604 184 604 93 604 93 604 93 0 4 0 4
 255 5 539 249 539 249 539 308 318 308 318 93 318 93 0 4 0 4
 255 5 552 249 552 295 343 295 343 93 344 93 344 93 0 4 0 4
 255 5 370 93 369 93 369 279 565 279 565 249 565 249 0 4 0 4
 255 5 578 249 578 249 578 267 396 267 396 93 396 93 0 4 0 4
 255 5 513 249 513 249 422 249 422 249 422 93 422 93 0 4 0 4
2
 7163 1 16 507 197 5 0 0 13344 4
 7163 1 16 702 197 5 0 0 13344 4
